(674, '27-10-2001', '9780070843790')
(1334, '17-11-2001', '041525406X')
(1437, '28-11-2001', '9780585330136')
(2492, '13-03-2002', '9780585267395')
(2830, '22-04-2002', '0769506658')
(2992, '05-07-2002', '0082700909')
(3653, '21-09-2002', '0033393852')
3540669841
1852330090
9780071184571
9814053937
9780198751656
9780195651218
9788178530222
9783446216358
9780070402065
0192893211
1859843492
9780860915423
9780201309591
9788120318571
9780262681216
9780226734392
9780745608303
9780521012690
9780471978060
9788178086460
817656401X
9780195116304
9780074631065
9780070411845
9788170292548
9780070447455
8173192324
9788185015811
9789971513917
9812400907
9780471042303
9780471170525
9780078822407
9780071701341
9780070434097
9788173663284
9780072118599
9780074630099
0195640802
0262040611
9788120321434
9789971514303
0471269050
9780670857999
9782261001545
8173664722
9780805316704
9788120318847
9788120314429
9788120309814
9788120322646
9788120320987
9788120322387
9788120308695
9788120322066
9788120320710
9788120320727
9788173660252
9780750675468
9788129700261
9788178086293
9780262133968
9780672322884
9780485113792
9780071349598
9780769196343
9780262232241
9788176493925
9780201895865
9788120323346
9788120323339
9788178811277
9789814126885
9780074634974
9788173663376
9788178086781
9789814126557
9788178087023
9788178086507
9788187972037
9788178087672
9780471444497
9780810114852
9780121352516
9780534519483
9788120323315
9788120323322
9780070530478
9780201565195
9780070533165
9780074633137
9788120404052
9788122006513
9788178087498
9788178085098
9780070995420
9788176494236
9788175541931
9788129700964
9788178087887
9789339219604
9780143030065
9788178081670
9788178089843
9788172247478
9780136743590
9780130415318
9780130911063
9780132338592
9780130190758
9780130862501
0130144096
0130869988
9780132113199
9780130228093
9788172248086
9781403908599
9780070445802
9780074635773
9780486286501
9780079238436
9788120311312
9788120314610
9788179911044
9788179911051
9788126009169
9788126006885
9788126002863
9780812603255
9788126008483
9788126004171
9788126000814
9788172010737
9788126004935
9788126008728
9788172018450
9788172011970
9788172010645
9788126003327
9788126010028
9788172013240
9788172015060
9788172010836
9788126004188
9788172010232
9788126024803
9788172012847
9788126008636
9788172017712
9788126008629
9788126004829
9788126001828
9788172018023
9788172015787
9788126006977
9788126004911
9788126012985
9788126005482
9788172019105
9788172015954
9788126014804
9788126011933
9788172011062
9788172019204
9788126007769
9788126004225
9788126011100
9788126001903
9788126005468
9788172017606
9788126005390
9788126004287
9788126002931
9788126004157
9788126002887
9788126001866
9788126003211
9788172016746
9788126004966
9788172015626
9788172012441
9788172019402
9788172013301
9788172014490
9788172017088
9788126013425
9780470843949
9788178088846
9780811839839
9780781742115
9780070483408
9781580530798
9789814126151
9781580533706
9788126013463
9788126004232
9788172013974
9788126003976
9788126003983
9788126003730
9788126001859
9788126003655
9788126007882
9788126006489
9781584500810
9780324130959
9780485120875
9789812406132
9780195135121
9780471490647
9780198506737
9788172016807
9788126012053
9788172014995
9788172015565
9788126010608
9788126009206
9788126004928
9788126004249
9788126003969
9788126008513
9788126001354
9788172016739
9788126003952
9788126009350
9788172014124
9788120321410
9788129700155
9788178089058
9788177223125
9781403911032
9780070474055
9788125906384
9780139012655
9780130674647
9780130340740
9780201870732
9788120321038
9788120314269
9788120322417
9788120321229
9788126006656
9788129700476
9780000012319
9788126003204
9788172011253
9788172010904
9788172017224
9788126003662
9788172014049
9788126009435
9788126005062
9788126009480
9788172013325
9788173667886
9788173667138
9788173666742
9788129701992
9788173667596
9788173667190
9788173667213
9788173667770
9788173667541
9788173667220
9788173667732
9788173667145
9788126003310
9788172015008
9788172011666
9788172015107
9788126001453
9788172017811
9788126003167
9788126007516
9788126005628
9788126005895
9788172011178
9788172010188
9788172017798
9788180540769
9788172010522
9788172018290
9788126009213
9788126003907
9788172015992
9788172011376
9788126009237
9788172012182
9788126004805
81720130721
9788126007097
9780201325669
9780201557381
9789380298245
9788129700544
9788126503612
9788173714320
9788173714337
9788173714344
9788177644173
9780571218776
9780070533042
9788178080062
9788180690693
9780124666061
9780534919764
9788129700490
9788178088945
9788126004331
9788172016630
9788120321786
9788120321335
9788120321366
9780135535127
9788120321342
9788120308800
9788120323100
9788129701848
9788120320291
9788126504138
9788176353809
9788126502127
9788176352680
9780735712508
9780470847459
9788181472069
9780132637572
9788178089607
9780750699464
9788125910909
9812382690
9780674959613
9780130887207
9780130870148
9780130648846
9780262692106
9788126002078
9788126002337
9788172010263
9788172017774
9788172016524
9788172013752
9788126002948
9788172013943
9788172019501
9788126004386
9788172010911
9788172017699
9780521779784
9788129703149
9788129703187
9780201619164
9788129703033
9788120324077
9788129702746
9788129702692
9788129702302
9788129702920
9789812530196
9788129703095
9788129702906
9788129703088
9780224029131
9780471434054
1843910535
8171882803
9780419146605
1843910152
9780748608928
052100957X
1843910373
0019566526
1843910470
1843910381
1843910438
9780748615063
8170229820
8185952604
9780802779656
9780419171904
1843910489
8125024964
1843910330
0631208623
1843910411
9780415045339
1843910217
8171883141
8171883281
9780415252638
9780415267533
1843910500
9780415230131
8185938997
8185938989
1843910292
8176710067
9780387973425
9780817642747
9789810241179
9780471545736
1852334703
0444823328
8172292163
8172291655
8172292570
8172290624
8172290663
8172291663
8172291361
8172291353
8172290438
8172291914
8172293143
8172291264
817229204X
8172291922
8172291337
8172292600
8172290489
8172291906
9780471839651
9780471820536
9780471430803
0136121292
8120305817
9780471287704
9788120322240
8185931437
8185931380
812032224X
8185931429
9780470844762
8185931348
8126006730
8172012640
8126009756
8126015004
8126008784
817201273X
8126012927
8172019416
9780520086470
9780471430360
9780262072441
9780471418290
9780262194839
9780262571630
9780262194761
9780262050722
9780262134323
9780262524193
0120121557
9780120959778
1558607986
0120121484
1558607900
1580533418
9780747559788
9780387955551
9780007669073
1859863620
1854107925
187677892X
9780792269304
0737010088
1876778938
9780471153023
3527306803
3527305211
9780471168126
0000012319
081260231X
8126003251
812600360X
812600603X
9788172012878
1843910462
8172015038
1843910357
8185604606
9780761997085
0415212138
9780415280280
9780415269964
1843910454
9780415205863
9780761996026
9780415282017
8188251135
1843910128
184391039X
1558605827
1558605118
1558608702
9780124291508
9780125184052
9780673397362
9780201847802
0321168828
9780262581110
9780134945767
9780321223715
9780321180605
9780262134347
9780672323911
9780262025447
1852337087
1852334010
8172291973
8172292023
8172290721
8172291493
8172292546
8172292236
8172291388
8172291698
8172291507
0000012320
8172291671
8172290411
8172290950
8172292090
8172290039
8172290764
9780486683706
9780141003146
1592730078
9780316919166
9780131429017
0333937856
9780670049929
9781402018503
9780070486607
8173665265
019565224X
9780195663532
8173666652
9780195672442
9780195668308
9780195667554
817366577X
0195667131
9780195644203
3540760520
0387955852
1852331410
1852330899
1852332646
1852333324
3764321881
1852334088
9780387002309
1852334649
0387008349
9780387953205
3540140158
3540438718
9780099286479
0387954015
3540433309
1840722193
9810213352
8179630013
9971512815
9780071358828
8120801644
8129701413
8129701073
8178085607
9780074636824
8178089955
8181472071
817341288X
9780471573777
9780071409278
9780071370677
9780387944517
9780321156303
9780070495432
9780072462487
8173666830
3764365668
9780866513432
8186199330
8186199150
8186199381
8123722443
812601170X
8172014031
8172016682
8126004371
8126001291
8126001313
8172018037
812601220X
8126004274
8172015941
8126014849
9788172018245
8126004169
8126008687
8126003243
8126004681
8126009500
9780321115836
812600777X
9780817642709
1580535054
1580533213
1580535003
1590591275
9780817640286
9780792376507
1402070314
9780135718377
9780130832184
9780137841820
9780321150400
9780201761757
9780131401570
9780321136190
9780321228628
9780321136497
9780321193681
8129702282
9780070700710
8120309294
9780198507925
9780070230248
9780750656832
0195664787
9780240804811
8178240572
9780195660371
8181280377
8181280385
8178240734
9780691090658
8172234988
0070531544
3540678174
9780143030355
9781565848047
9780060521998
8174362312
0195645723
8172235364
9780070583306
9780324100921
9812438734
8129703203
9780195098730
9780521540858
9780071231510
9780471485865
8177000160
9780306472794
1568811608
9780387955520
0262025108
0792375483
9780521653749
1575860805
9780521461177
9780140272291
9780140169010
9780140271409
9780140170542
9780140276633
014025563X
8120724445
9780140299717
014302972X
0670049859
9780262161978
0140156151
9780262531412
0387401229
9780471594840
8178082195
9780130616210
1857231384
185723135X
1859844464
1402076177
1859844413
1852330740
9780521823326
3540634460
3211838708
9780521642989
3540421394
9783540647669
9780387001784
9780471441106
0521520800
9812380744
1860943497
9810249187
9780471153009
9780471951360
9780691024172
9780521659512
9780817638498
8178089025
0137479085
8129701111
8120323491
9780387954264
1590590651
0387953647
0387952349
9780138875718
9780321197849
9780582369085
9780890069332
1580531105
9780471197461
9780470847947
9780470851104
0471152374
9780471181910
9780195665017
9780821834145
9780821834138
9780821831977
9780821826232
9780821833636
9780821832615
9780821834558
9780821832981
082183407X
9780821832820
9780821832226
9780521005333
9780471414773
9780521417112
9781107074026
9780521663656
052182379X
8173714576
0321197186
0130618721
013032616X
1558605339
9780471237662
1558609342
1558608311
0122081552
0201543303
9780201379266
0136291554
0201633856
0471152870
9780684849140
9780240515762
9780077099879
8129700751
0521389909
9780130933744
0321228391
9780306433474
0201734958
0321160770
0321200683
9780321205759
9780321125194
0826459730
1844133141
9780321146182
9780712668378
0761996850
9780140165876
9780262531429
9780691014227
0192804421
0586085718
014303054X
9780192803597
019566485X
9780099772118
185702706X
981240354X
0195649672
3540440070
9780070420311
9780387955872
1580535224
9780534209100
9780070495685
1568810911
3540403434
3540203001
3540202080
3540201858
376432662X
3540407952
3540201297
3540202609
9783540205272
9783540408550
3540203591
3540200517
3540009353
3540408789
3540205292
9783540206095
3540204490
3540200835
3540201505
3540202439
354020282X
3540408029
3540200207
3540407979
9780387953878
9780387955636
3540205837
1590592085
1590591690
3540201459
3540201238
9783540404651
3540441573
3540201769
9783540206323
9783540201755
3540204369
9783540201052
9783540408277
3540012494
1852337451
9780817641320
0817636366
0387952527
9783540021117
0817641319
1852335599
0387948376
0387955011
0387952888
9780387951973
0849308887
9780817639051
1852337133
9788121923880
0321173481
0201754851
0201699710
9780201796445
9780631144748
0672324539
1580535372
9780120845903
1580534791
1580536557
0486495094
9780471432579
0486400255
9780486691862
0849323754
0486604349
9781558607545
0849310318
1929007175
9780942364156
9780071183192
9780071359870
9780070540040
9780072222272
9780071379595
9780071399197
9780071406383
1565922069
9780071409773
8173664161
3540200762
1558607978
8126504366
9780060928209
9780141181349
9780143029311
0521545641
020177061X
9780767908177
9780521545662
052154565X
9812431322
8129703246
8129703122
8181280725
0195667999
8181280512
8129702258
812790059X
8129703394
8129702479
9812438998
1580535062
084930900X
0766820793
8181280474
0387954341
818128061X
034911529X
0195667522
9812530460
0131428489
8178084007
9780672323164
1580530885
0195660420
8176355852
9971513714
9780070540620
0672323281
0471449962
9814126969
8129703483
0521016576
9788173194917
9780521520829
0070584087
8129703785
0070582807
0471441481
8129702126
9780750655460
0143029983
9780071195614
8178089068
9780521663106
9812530371
0470853174
9780070583238
0849313333
0670049867
0534395287
8129703599
9812436634
9780596004613
8129703505
8129703467
8176494674
8129701421
0470858796
9812530401
9812530290
8129703408
9812530533
9814126845
0470863099
0849313767
9780070306363
0070582785
9780070584099
9780070102743
9780070586130
9781580085410
0470867361
1584880902
9780262025454
3540416668
1580535216
1580535321
1580536484
1580534902
9780819451552
9780521583862
9780240516561
9780240804750
0071150978
9780071374354
084933179X
9780072399097
0071163379
1402075596
1402074980
1402074964
3540404058
0521539293
1402073321
9812435069
9781402075605
1402075626
1402075588
1402074662
9812380434
1402076029
140207316X
140207395X
1402015739
9812438661
1402076908
3540401830
1402075286
9780306477485
9781402072642
1402073844
1402072635
1402072554
1402075642
9781402076558
1402076061
1402074611
1402073461
1402075936
9780792372080
9780306478741
1402070241
1402075294
1402072589
3527403647
1402074921
1402073488
140207610X
1402075707
3540007415
1402074913
0155063480
1402076983
1402075944
1402074794
1402074719
1402012764
1402073186
1402074905
1402074956
1402074018
3540401520
158603264X
1586033506
1402071426
3540006028
159140049X
1855548453
1591400457
0201760355
1591402263
3540034366
3540440976
3540200681
1568811241
3540003754
084937006X
1591402719
9780415315197
009942892X
3540003436
1931777136
8173711275
8173714061
8173714487
8173714428
8173714452
8173711208
8173714495
0415319285
817371441X
8173714401
9780297607250
1591401836
008044198X
1586033255
1591400465
3540008675
1558608303
3540003983
155860846X
9780387955629
0387406271
9780387406077
0521529948
3540668403
3540405186
1590592344
0817642129
3790800414
1558607455
3540438068
1402071191
0792344634
3540012184
9780130944245
9780387914954
1852337354
9780201361209
038795273X
9780691025094
9783540401117
3764357495
9051992890
3540653406
9783540665793
3540420886
1852332476
1852336765
3211068538
1590592123
0521534100
052153500X
8122411495
8178086514
0849315093
0792383451
047138349X
8181473655
0231105118
0521474922
9780195665482
019566597X
9780195666243
8171883214
9780195666199
8171882633
8171883052
1843910209
1843910446
8180520331
041520089X
9780415231732
184391042X
1843910241
1843910497
1843910543
1843910004
1843910403
1843910268
817229333X
9780735618909
9780735619180
9780735614239
9780735612365
9780735617254
9780735618565
9780735617209
9780735612907
9780735615502
9780735612891
9780735619050
9780735617742
9780735613751
9780735617223
0819451819
9780735614659
0470856688
9780099388517
9780141189697
9780130356550
9780135984260
9780672324178
9780130463869
9780071416573
9780071409315
8172234961
0071422005
376437019X
0470848375
1578518520
9780071422321
8181280997
9780814471814
8181472047
9788181473684
0670057622
0071422129
9812530231
1558608591
9780814471753
0122007514
1558609334
9789812385550
9812386068
0387004246
9812385673
158053791X
8182090202
9780534584504
1580531784
8181473428
9780070532366
9780471453253
047086091X
1405101520
8181473248
9814066265
9780471498698
8120324544
8120324668
9780747528302
9780071163781
8120325087
0470853190
0471390569
0471390550
8120324617
8120324587
812032496X
9788181472083
812032465X
1580531121
9780471086017
9780766862685
0195666062
9780471420262
0195659686
9780030960260
8188661082
9780534408244
1580530737
8120324595
8120325095
8120324625
1860467903
0824740408
1860467911
1860467385
8181310993
0747543844
047148492X
8173713952
019566812X
9780195665468
9812383441
8181473698
8124204071
8124204047
8179921441
052183046X
0521017068
9780534381592
1859960545
9812530606
818147192X
1405110570
9780534399153
8181280849
9780534405724
1891389246
9780495006565
817371374X
8129703904
9780131829084
1584883936
9780030206931
0000012323
8178672405
0521540801
0521547180
0486683362
0521816041
8181280482
052152587X
8173714622
8185931356
0486660141
0201548550
0521828430
9780471192237
9780135705810
9780201722154
9780130272768
020172183X
3540006788
8172235275
9780201616446
8178084562
9780817640385
3540003959
9780750304962
0817635912
1852337168
9780387955780
3540002421
1590590228
0387005005
3540008810
9780387403984
0817622306
9780387008936
1852333731
1590590716
3764322888
0817639993
0817643052
3540017704
9780387954103
354000601X
1852337478
3764367156
038797993X
0071344152
0071424873
9780071386296
0071412042
0072230932
013504135X
9780201604788
1852335068
9780070486935
3540001417
3540428003
9783540003557
9783540411437
3540003010
9783540650669
1590590686
3540430830
185233598X
1590591097
0321197887
0735713634
9812382062
0201883368
9780131002876
9810245866
9812380647
9780883858110
0521831822
9780136574460
8178088274
9780521619745
0201799375
9780201437249
9780130856456
9810247028
0130892394
0130673420
0130878685
9812382925
9780321197702
9780321199508
0849312728
1860943411
032111230X
186094325X
9810219016
9780761998341
9812386866
9780130190772
9812382798
9812380507
9810245416
0130811327
0130107050
1860942148
0130115843
8178086425
8178089939
9780131001916
8178085852
8178084430
8178086271
8178083485
9812402152
8178085941
8178082829
8178084600
9812402020
8120314468
8120310128
9814126721
8178085593
8178085798
8120322541
8120307526
8120314433
8120315529
8129700832
8120302990
8120312554
8178086441
9780761998259
8178086484
8120309537
8120321987
8120318390
8120317084
8120321065
8120320603
8120301625
8120308115
1586033638
812970451X
9780201748406
8120302621
9780070189935
9780262201384
0300078463
9780520209664
9780520218925
9780674779617
9780415195102
0415111242
041527169X
0415186277
9780415938792
0415099854
0415158761
0415117852
9780231104500
9780262631877
9780262611725
9780300073836
1584883383
0262731304
9780824708764
0387008365
0297843052
9814126179
9780340808290
140392273X
0201700395
1402072090
9780201699500
9780759398290
9780201674729
3540014381
1852337699
3764321652
9780817641252
9780387003108
1402076916
9780761926696
9780761988076
0761926356
0761925929
9780761948902
9780761943778
9780761970842
818756718X
8187567260
0792376560
8124800499
9780674011465
8178240548
8120819837
8120819829
8120819624
0071164898
9780821865903
8170228069
9780670049820
9780750657990
014333588X
0385509618
1580536441
9780143335597
1402077122
3540000518
9780387954615
0471439959
9780415335447
0313313458
0415165113
8188479039
8129704285
9780470851043
8176496138
0140137793
9780563487012
8178088789
9780140230772
9780198607724
9780198605645
0345452488
1580533574
0199251967
8129704064
0262111934
997151298X
0140126783
9971513560
9814126039
9788126515196
9814126136
9971513153
8175152583
9971514311
8178086301
817808631X
9780387955445
9780804739887
1930190891
354020265X
1578203015
9780691114293
3764370025
9780415290319
9780470862537
9780226487229
3790800058
1591401054
9781852337278
9780691113210
9780691070780
8120309200
8120314859
8120317017
8120319184
9780521365840
9780521352536
8120319206
9812400605
8120312589
8120312562
1859736181
9780521007948
082233013X
9780295977171
9780444514943
9780415242189
9780415183796
9780815749172
9780415916844
9780415246590
9780691088587
9780691058382
0520081161
084931738X
9780691086620
9780691005454
9780942299571
0849324335
1584882557
1584880074
0415282888
9780262631761
9780387952444
9781931914079
9780387987804
0387952594
3540442138
3540417087
3540433678
3540676236
0817638199
3540434984
9780387948003
1568980485
3540201262
9780387949147
1590591313
0387403973
0387201696
1558607927
9780761932161
1555582591
9780387945934
074322244X
1861974760
9780838407158
8185229813
1580531733
8174362819
0738208663
1580533558
1580533175
9780780310629
0471606952
1580535283
0471958697
047118148X
0521525470
0471341673
9780470858158
9780764526411
9780471644521
9780521892421
0521520436
981240080X
8125016244
818561864X
9780195656961
8120318889
1591400503
9780201485356
3540658084
1580530907
9780135214930
1582300178
0131900757
013120999X
9780751402216
9780127484518
9780822327172
0521004012
0521777682
8178087685
0471439622
8129703300
9780471490784
9780471963462
0471093904
8120314700
8178082209
047084468X
3540761977
8181471903
8173665664
0471213942
1580531830
1580534821
0131315099
047122894X
9780070406599
9780750676137
079237360X
8173667454
0553299492
9780140272482
0140296662
9780471380542
8173667993
0471543977
9780738207803
9780470844380
088385810X
8123005512
9780521529235
0201798050
981024665X
0195652878
9810249012
9810223846
9780471615309
8181281098
9810240880
9810232799
9812402365
0471402249
9780471030034
9780471607915
0470845198
8175200863
0764541684
0521825857
9780521004626
8173667187
9780883855393
9780883858066
0521593735
9780883851692
9780521808323
0471213268
9780521821032
9780521806862
9812530363
0521530245
0201703726
8176710377
8179930165
0789729733
9780074624531
0201314525
8129102269
9780130669483
0130125342
0201489171
0130889016
9780321197986
0262661160
9812432544
9780415242479
9788129704658
1555583059
8186852409
8129704706
8181281233
8129704692
9780792382614
9780814408117
981253072X
0195173619
9812530576
0471327271
8185301751
1557527571
9780471976974
8185301417
0387947663
9780387989648
9780836229493
0415285585
9810249268
9780742502062
0486601471
9788129704665
9780759102149
9780201700435
0470853999
0471327883
9780521826983
0130977446
0130158836
8181280148
9780415228114
9812436731
9780415169820
9780415231268
9780316726931
9788120321847
0130949868
0471451320
9780130609045
0534409156
9780130460998
3527307508
0130986593
9780838460634
0199107114
0130329509
0672322498
0415925517
9788120323988
9812542469
9780070583528
9780195653878
9780340720356
0195668987
9780195665260
0195664205
9780195666083
9780195650839
9780195650860
9780415270052
9780195655926
9780195657456
9780195668704
0195667077
9780195657326
9780195648645
0195665422
019566311X
0195664124
0195667271
9780134568638
0195666666
9780195627626
9780195650266
0195668677
9780195656237
0195622561
9780195629682
9780195624816
0195651855
9781582556703
019562341X
9780195666113
0195655192
019563795X
9780195645767
0521893089
1930110995
052129052X
9780195649161
9780387975863
0849385954
9780521456487
8186385002
8186385029
818638510X
8186385045
8186385126
0074638459
8186385061
9780070435476
8186385088
8170337526
012752178X
9780521458979
9780133418194
9780471948377
9780199636938
047195165X
9780471498285
9780201615982
9780521391153
9780852969014
0201799405
9780387948959
1558605525
0470843853
1558606882
9780072226140
9780877798262
9780070587557
9780072224733
9780070531390
9780070530874
9780070499027
3540002189
3540009140
081764329X
9780817642884
9780817642204
9780817640118
3764369469
3764366095
9780713423211
9780070269873
9780813807607
9780876631065
9780810910942
9780876632567
9781199351753
071351874X
9781122190879
9780442241742
9780809401116
9780442113483
9780064356657
9783540001331
9780387202297
9783540210474
9783540001959
818878902X
8125025863
074321580X
8175961872
8188789054
8171883559
8171883508
0415227402
9780415157421
0415268893
0415243602
0415172373
9780415173049
8188789089
8181580052
9780070499591
8178240823
8187649909
8178240831
8187649364
8120323610
9780201122787
8185229856
9780804740630
9780375412882
9780804722421
1882114884
1882114825
9780679642329
9780385500722
9780808504054
9780387402727
9780910965675
3540009485
9783540210610
9783540209300
038795211X
3540210903
9783540209553
9783540208952
3540620060
3540208879
3540208305
9783540210917
9783540209966
9783540208259
3540208135
8126510188
9780151072514
9780023606922
9780333269008
9780887400643
9780030802980
9780026815406
9780195203585
9780023344800
9780024746306
9780295957869
9780442111663
9780882753324
9780375706691
9780312890780
9780345438355
9780553379266
9780446671279
9780345459817
9780060512750
9780756400590
9780345330130
0441172717
0765342294
9780441005666
9780553575378
9780819563361
9780060510862
0198502311
1400046416
019850294X
9780198528418
9780415903875
8129704331
3764369221
019286209X
9780743411462
3764369175
067401023X
9780674011571
1591395011
1578516994
9780670057955
9780674008809
9780674013810
067401250X
9780672325861
1578513014
0312157037
9780312308605
0312288794
0312274785
9780312190330
9780738205250
1932266690
9780716711865
9780387984728
8178092360
031242261X
9780060935443
9780688050337
9780813336930
9780060934965
9780738201429
0375713913
9780897331531
9780500340332
9780140432114
9780684837055
0553272535
037542184X
9780140186505
9780140187656
9780571200023
9780374521677
1565848012
9780880488747
1930110332
9780312280864
9780821226230
068486214X
0141002085
9780804734875
8129704056
9780321202949
9780070482951
9780070584006
9780982099803
9780070586840
9780201563825
9780130867698
9780070499508
9780070527997
013617549X
9810233043
0201771683
1580535070
9780674009707
0262033143
9780674011786
9780792375456
0792397940
0792391586
9780521531627
8120325826
9780262072472
9780521016872
8129704900
8181281543
9780195669305
9780195158953
0005425778
8126505052
9780521008815
3540208550
0262692929
9780471649885
9780521644457
081577012X
9780471187103
9780792359807
311017930X
9781852337469
8129704862
8181281497
9780670057801
9788129704917
9788181281425
8129704889
8181281276
9780387909202
3540434917
0387948333
9780130460417
0130848271
9780321146533
1856044564
8188661104
1856044653
9780195123944
9780071410885
9780071410731
9780071412537
9780586062005
9780071412513
9780201616132
9780072226249
9780863114519
1402079303
9810248970
9812387579
9780852967614
0340808292
9780965363570
0198742711
9780198711247
9810243944
1860942288
1860943373
9810228643
981238149X
9812385657
9812383360
9810248830
9810226802
9810207891
9812382240
9812380043
9810225997
1860942237
9780520066366
9810204396
9780195667875
9780195658729
9780195669008
9780674356764
9780195643718
9780195089967
9780195092752
9780195099089
9780195123784
9780195087994
9780195120493
9780195105148
9780195092240
9780195089974
9780195117622
9780195103540
0195167295
9780195119275
0195158172
9780195142921
9780195078985
0195064844
9780195089424
9780195122275
9780195116793
9780195099331
9780195092141
9780195122268
9780195117639
9780195116809
9780195093421
0195108531
0801854148
9780131440258
1403905843
1558608680
1558609199
817635578X
9788172764319
9788172764401
8171640001
9788171679171
9780442286644
9780442234690
9780198602613
9780139422430
9780071417433
9780124932906
9780262582230
9780071377652
9780262640428
9780262140584
0520085248
0262140535
0520216490
023107395X
9780520206489
0262082306
9780300078541
9780415228329
3718605570
9780140135718
074840967X
9780201725902
0130411612
9780262600354
1857283791
1400075157
1584884363
1400030668
9788189059033
9788189059019
9788189059002
0132114674
8125912894
9780321091864
8172863500
8585931372
1405300493
9780135654415
0521890799
9780471073253
0471206903
047149691X
9780471189725
8129701383
9780201703290
020156355X
9780321117656
9780130479624
9780321193858
9780321185761
0201924781
9780789723109
0761935320
9780071387798
8173196095
0195648358
9780195645330
9780195635850
0340807652
0195644360
033520550X
0340806885
0121631044
9780340762271
9780340740484
9780340807842
9780201657722
9780198238294
9780195643312
9780201786958
0321173856
0199263507
8189050419
9780072378733
9780072132045
8121904714
8121906814
8178088223
8178086751
0671608215
9781199416285
0155037536
9780393950182
9780442263331
9780442231156
9780442113476
9780517565049
0471375454
0791439321
0805841415
0805821341
0312221770
0465025102
046504090X
0465026117
046501822X
0465088961
0465049990
0465087868
0321197860
047148654X
0471485500
0471486531
0387962549
0471236403
0471290998
1560326352
0470847700
0471503363
8120307801
8120324188
3540441344
8120325109
8126505176
9780534408060
0127427511
3540205470
0903141671
0534393055
3540407618
0415314550
0240805860
8126505036
0415312809
3540439234
3540210229
0387001751
1904838006
0521542049
0743251415
8126113448
076194124X
818796834X
0761959009
0761928715
0803984723
0761952691
8178293927
0761973354
0803986149
0761949879
0761950672
0803978499
080397938X
0761949488
0803986122
0761958983
0761988122
0761947302
0761961127
0803989768
0761968601
0761947159
0761955003
8126502827
8177223135
1580535429
1580534848
8126504765
9780070660489
0192801252
0195161912
9788172763688
0143031503
0198662610
9788172764821
8181473841
0198602189
8181473809
0201416964
0262083205
0262562006
1852333944
0860917045
1859844634
1859845398
0749406003
817648380X
0415180252
9780072229837
9780072223170
9780070587779
9780070587533
0070483418
9780070587762
1558606009
0849331250
1852337184
9780072190588
1558604448
1558605614
1558609237
0262122634
0804732337
0226730999
2880743710
0292747144
3790813958
0486277909
0764568140
9780070587663
0471873934
8129704021
8129705206
0470868147
8123011563
9780070584037
9780071345545
2880467314
9780070435285
9780071610384
0070531013
9780070170476
0761913858
0761932291
1577180011
0761960546
0631181776
0520082818
0470866942
076370444X
3211835342
0812932293
8173711216
0750644567
1861976453
0471079359
0387948937
1590591410
038795533X
0471458368
0131001523
0764544683
0521602742
0750674032
1587201011
0789731150
3764324279
9783540222170
1590590422
9783540219880
1852334134
9783540219934
1590593782
3540219854
3540214496
9783540219606
9783540258094
9783540214922
1590590031
0387950729
3540001913
3540548130
0387964126
038795001X
0387946578
0387987657
0387947469
3540430210
0387975993
0387966757
1852336110
0387978941
3540443193
0387947809
0387982817
0387989994
3540158510
0387984798
8847000785
9780226065687
0226899152
3540211276
0787951625
0821835513
0821827030
1402075758
9810245343
9812382305
0821834185
981238426X
0819450812
0819445061
0821834738
1587050218
0787940305
1555425003
030648191X
1402078838
0691090955
1402076630
0691029083
0120121581
0471157783
0321154223
9780071370165
067479303X
0761987738
0486256626
0262561190
0262561204
0792372662
0471414638
1580531075
0671885243
067974195X
0789724871
0833026674
9780099468547
8173666334
818128111X
8181281837
9812046062
0712676090
8178670844
0764543776
9780007146840
0143029460
8129103192
1591391113
159139113X
1591393477
8129702215
0415147875
3718604787
0817637311
9780074637784
0415289955
1580530001
0143029959
8173665214
0821828894
026205048X
052101087X
0521542154
0452266068
9780060555665
0446679569
9780066620367
0471491101
0415286085
0140278230
0471971456
0130114960
082135485X
9812531084
0631218432
0471489093
082646680X
0826462839
0787973718
9812531149
0826472427
0471401692
0787962317
0140264426
019567040X
9780091884673
3540211098
0471013986
052183127X
0691058539
0521639492
0262220695
1576077918
1402076940
0521834481
0674013328
0521828910
0521831431
0521814588
3540213317
0745633099
0764549758
0521835631
0521540518
0520235002
052183113X
0471228559
3540002391
3540205802
1860648916
0262182351
0553288105
0446677949
031286504x
9780060512743
0441478123
0679740678
0312863551
0345333926
0446610380
0812524802
0785787283
0812550757
0689845332
055327418x
0441810764
0441790348
0553297090
0345419677
0553279718
0553566067
0345347951
0553573357
0671877917
0312869924
0812536355
0553380966
0449213013
0553562738
0345342968
0812515285
0345346904
0345323440
0312852533
0380014033
0553283685
0449208133
0375703713
0915368560
0553560735
0671741926
0345334302
0441003702
0312890176
9780061053108
0446676640
0671318292
0439227151
0553575384
0375705457
0312866151
0553293400
0446677965
0812967127
0446603775
0743452615
0807062995
0812551508
0345440919
0743444728
1882968123
0345331389
0345330145
0312852363
0385333498
0156027607
0440180295
0679736662
0380633132
0910608709
0201342928
3540004750
8124204020
812970515X
8120325923
8129705370
9780749428082
0670057886
0195660471
0195018249
0195019199
0316679070
1931769249
052154548X
0345450671
037550351X
0195148460
9780060510244
1569571007
0451199634
0805075682
014044114X
0316084603
0742521583
0309089085
0887309445
0199250014
0195666054
0195663608
0195666224
0195665023
019566809X
0195649885
0195104161
8186385789
0195120167
8170086264
1400046890
0452285259
9780060935580
0374529353
1561585335
0631228780
0631217231
0745628184
0745621821
0631214887
074562412X
8120325885
1578202221
0470861002
1891121243
1591402778
1891121219
9780716743583
193215924X
159140293X
1891121251
8120325893
812970580X
8129705516
9788178000107
0471451339
088385807X
0883853329
0521665671
0521525829
0817640096
1558604111
1558608087
9780070617292
1558608400
1571817468
0195643623
8125026584
8120316851
8129700417
0471941484
8126502835
0198530161
0199256985
8125020179
8178086352
0333930819
9780071112154
1861975945
9971512602
1853836133
0393323757
0761940340
0130479136
0803988095
0761955305
0761940308
0761987673
0761973079
0803983999
0761967656
0131453483
0131411543
0804737932
0970292708
0738453331
1558605290
1558606777
155860653X
1558609164
1558609067
0201362996
0321126971
0321193660
1558608710
1558604561
0201485559
1558605088
1558605762
0201788977
0321219775
0471380237
0471353485
0125571895
1558609148
0898713838
0890067775
0500277125
0714842117
0898714206
8177224336
0195120183
0471467316
0471575186
1573929921
1584883391
0415283752
0471247391
0321205219
0789731533
0198503113
0877799113
0877799105
1401837271
0877799024
8175542314
0201607344
0201310112
0201433044
0201895277
0521792797
0201745518
9780071385190
3540401822
0735710759
0735710783
1550922559
0735712026
0137101953
0471594032
0201626950
0201627698
0465067093
9812403744
812081178X
088738708X
0486696308
1590593553
0486682528
8174870652
8121501776
8174530991
8121504422
818526841X
8174871616
8185616019
8121510902
8186208240
8121202698
8175741457
8174872240
8120817087
817030007X
8186782060
052154677X
0750678089
0140157522
052163766X
0571193269
0140157557
0140267832
071266968X
9780070575400
8173666040
8173667373
8173666261
0781729947
0815115598
817722400X
158603412X
1586030493
0721686923
0721603262
1566705630
0387988688
0127367403
0387948503
0312421435
075069288X
0942655109
1584350121
0387942173
0851996736
0851991386
0851998070
0851998313
0000001239
9781259006395
0851995632
8178089963
020170482X
3540633510
0471295515
817036602X
0201432935
0470845252
0262024179
0201699567
812970255X
0201485672
8129702223
0792386450
026206197X
0766101797
0471626929
0766107353
1564594467
9780471434054
9780019566520
9788171882809
9788170229827
9788171883288
9780415252638
9788185938998
9788185938981
9788176710060
9788172290627
9788172292164
9788172292577
9788172291662
9788172291365
9788172291358
9788172290436
9788172291655
9788172290665
9788172292041
9788172293147
9788172291266
9788172292607
9788172291334
9788172290481
9788172291907
9788120305816
9788120322240
9788120322240
9788185931432
9788126006731
9788172012649
9788126009756
9788185931340
9788126015009
9788126008780
9788172012731
9788126012923
9788172019419
9780262072441
9780007669073
9780737010084
9780812602319
9780000012319
9788126003259
9788126006038
9788126003600
9788172015039
9788172012878
9788188251131
9781558605824
9780124291508
9780134945767
9788172291976
9788172292027
9788172290726
9788172291495
9788172291693
9788172292546
9788172292232
9788172291389
9788172291679
9788172290955
9788172292096
9780000012326
9788172290412
9788172290030
9788172290764
9780316919166
9780670049929
9788173665264
9780070486607
9780195663532
9788173666650
9780195667554
9788173665776
9780195667134
9781840722192
9789971512811
9788129701411
9788178085609
9780074636824
9788178089959
9788129701077
9788181472076
9788173412882
9788173666834
9780321156303
9788186199152
9788186199336
9788186199381
9788172016685
9788123722443
9788172014032
9788126011704
9788126004379
9788126001293
9788126001316
9788172018030
9788126004270
9788126004164
9788172015947
9788172018245
9788126008681
9788126003242
9788126004683
9788126009503
9788126007776
9788129702289
9788178240572
9788181280381
9788181280374
9788178240732
9788172234980
9780070531543
9789812438737
9780070583306
9788129703200
9788177000160
9788120724440
9788178082196
9788178089027
9788129701114
9788120323490
9780321197184
9788129700759
9780130933744
9780195664850
9780070420311
9789812403544
9780070495685
9780321173485
9781580536554
9780486495095
9780849323751
9781929007172
9788173664168
9788126504367
9788129703248
9789812431325
9788129703125
9788181280725
9780195667998
9788127900595
9788181280510
9788129703392
9788129702258
9788129702470
9788181280473
9789812438997
9788181280619
9780195667523
9789812530462
9788178084008
9780070540620
9780672323287
9788176355858
9789971513719
9789814126960
9788129703484
9780070582804
9788129703781
9780070584082
9788129702128
9788178089065
9789812530370
9780070583238
9789812436634
9788129703590
9788129703507
9788176494670
9788129701428
9788129703460
9789812530400
9789812530295
9789814126847
9788129703408
9789812530530
9780070584099
9780070586130
9780470867365
9780819451552
9780240516561
9788173714405
0761926356
0738208663
9780070587762
9780671794996
9788181281449
0754634485
0763716332
0312262752
0442286619
0691120137
0198515774
9780849327735
9810212542
9789971511722
9780471476689
9788188689118
8177223542
8177224271
9788120327092
9788120327108
0486421856
0130338540
9788185569093
9780674137325
9788131202609
8178082810
9788131202319
9788188280254
9788182520288
9788188280537
9788188280216
9788188280629
9788184771312
9788182521292
9788187288879
9788188280377
9788182520318
9788188280612
9788188280971
9788182520448
9788182520240
9788182520356
9788182520455
9788182521285
9788187288886
9788182521223
9788120328037
9788129709332
9788120323766
9788120322394
9788120322141
9788120323551
9788120329607
9788120325302
9788120328006
9788120329089
9788120321045
9780070474321
9788120325531
9788131201791
9788131201145
9788131202197
9780849315572
9788125012603
9788187496519
9780195668834
9788173196409
9788176356541
9788187105503
9788181282323
9788170299059
9788130902326
9780195678451
9780071389969
9788177226577
9780195682793
9788129108128
9780140278125
9780070583283
9780000012319
047197515X
9780964350427
9780131863668
9783527404070
9788177584646
9789971513986
9789812530684
9789812530417
9788131700778
9788131704653
9789812530585
9780131194595
9780964831223
9788177587746
9780964831209
9788188155019
9780321306777
9780195662719
9780195630541
9780195615418
9780195656039
9780195612707
9780195612714
9780195630565
9780195670158
9780195683288
9780201455762
9788131401323
9788131400579
9788126508037
9788126507603
9788120330023
9788125029427
9788188689316
9788188689255
9788181282811
9788171676699
9780195630534
9788178241616
9780195672756
9788172201029
9788120328136
9788129711786
9788129701008
9788120329614
9788130900667
9780521696234
9788177585438
9788180280221
9780939603268
9781559213356
9788186238028
9780194370004
9788131703014
9781905211210
9788129109514
9788129109651
9788172242879
9780071252867
9780748408139
9788120325319
9788189059071
9780120884828
9780195676082
9780737711868
9788130900391
9780387342257
9780593058251
9788130902814
9788127219604
9787040176636
9788177589337
9788177585308
9780195681215
9780195673913
9780195681161
9780192835253
9781402051661
9789812531445
9788131706718
9788131202579
9788130901268
9780061179068
9780060935641
9781416538165
9788120801400
9788120801417
9780192861085
9780070593879
9788131705810
9780470867761
9788184042160
9788173669750
9788120330665
9788178541051
9788126507849
9788131706695
9788126509331
9788131501542
9788131501405
9788131200896
9788131501238
9788131501207
9788131706671
9788179926673
9788120330993
9781403931610
9788173668401
9788177589153
9783540283846
9788120330146
9780070590960
9780070607699
9780070590267
9788120330160
9781259061332
9788188342341
9789812431448
9788181283030
9788181285799
9788181282651
9788181284990
9788181282378
9788181283016
9788181282767
9788181281968
9788181282293
9788181282576
9788181280121
9788181281616
9788181282286
9788181281531
9788181283573
9788181284501
9788181285867
9788131203019
9788131202395
9788131708378
9781852338060
9788131208281
9783527312757
9788173715624
9788173715631
9788130904078
9788131703687
9788173715617
9788175543089
9788120330672
9788177580310
9788171885268
9788126508938
9788120330627
9788120330412
9781591841395
9782843873133
9783540356547
9788131207024
9788131206485
9788131203026
9788123011721
9780070620919
9788179923047
9788129110947
9780230630093
9788190283755
9788131709405
9788189004095
9788185986234
9788190416900
9788120331488
9780767920810
9788120331297
9788178241708
9788131708828
9780521706100
9788181282644
9798181283084
9780070647688
9798181283022
9788181281470
9780070647657
9780195687842
9788181281418
9789788181149
9788181281432
9788126508143
9788181284495
9788181281845
9788181282361
9788181282774
9788181281784
9788181280916
9798181282261
9788181286031
9788181285836
9788175200999
9788185618401
9788181283801
9788120331099
9789812383358
9789810249984
9789810249960
9788120330788
9788120324060
9788120328273
9788120324084
9788120328280
9788120326545
9788120332072
9788123014234
9788120313576
9788120318861
9788181285737
9788120331662
9788126510962
9789814126502
9789971513801
9789971513016
9789814126533
9788184040760
9788184041217
9788184040685
9788173664571
9788173663963
9788184041873
9788184040623
9788184041224
9788184040821
9788184041057
9788173667800
9788184041477
9789812531995
9788184040395
9789812530813
9789812531650
9789812531537
9789812530288
9789814126946
9780070621091
9788120331495
9788170462705
9788125031116
9788170460220
9780140191134
9788170461289
9788170461296
9788170461166
9780753822517
9788174765710
9788179930823
9788126507764
9788131501627
9788121501101
9798188661588
9798188661588
9788126506088
9788180381379
9780691128078
9788126506774
9788173700262
9788131201879
9780070473348
9788126511693
9780387476563
9788120329492
9788173666766
9781584502876
9788176494243
9789178080922
9780321228963
9780201379259
9788130900490
9788175540767
9780195663471
9780195664997
9780470058558
9788131711460
9789971514297
9780803993242
9780130412782
9780130479549
9780195691467
9780195687583
9780195671339
9780866363778
9780810935099
9780811832823
9783540689492
9780844669274
9780721670997
9781579549541
9780230630123
9789812530349
9788126509201
9788126508792
9788126509195
9789971512873
9789971513597
9789812531728
9789971512736
9788126508020
9789971513184
9788126507702
9789812530202
9789812530967
9789971512200
9789812530240
9789971511456
9789971513696
9789814126991
9789812532404
9788126510498
9788126507672
9789812530103
9789814126854
9789814126168
9788126508860
9788126509621
9789812530219
9789812532114
9781402048324
9788126508709
9788126508648
9788126507894
9789812530714
9788177227109
9780596002817
9788126503223
9788120320338
9788126504527
9780230630130
9780262612067
9780070599161
9780471132165
9784000000079
9780750675437
9788171640089
9788171640904
9788185211190
9788171640096
9788171640195
9788171641338
9788177224979
9780195680874
9788184000108
9781843432326
9788126511761
9788173715754
9788131502655
9788178531090
9780023373800
9783540781158
9788181280459
9788181282729
9788131705131
9788120326835
9780195682489
9789812431127
9788131501061
9788131501429
9789812406224
9789812406187
9788131500279
9788131500163
9789812406118
9788131501214
9789812431318
9788131500439
9789812402288
9788131502136
9789812542632
9788131502358
9788131502082
9788131502549
9789812406101
9788131502037
9788131501559
9788131502471
9789812542939
9789812431271
9788131502518
9788131500170
9788120326682
9788125021117
9788125023029
9788120330948
9788120329621
9788120329546
9788122401202
9788120330214
9788181285188
9788178530918
9788173198410
9781905209266
8177226010
9780226457994
9780387296449
9781846840708
9780713999952
9781846840777
9780521618946
9781846840784
9781846840944
9780742512153
9781846840814
9781846840821
9788131210444
9781851682904
9788186199527
9788170368984
9780195686265
9788178296814
9788178297040
9788178294759
9788170364979
9788178296531
9788178296807
9780195685756
9788178294391
9788178295381
9780143101935
9788178086835
9788131713501
9788137101524
9783527404285
9788178293530
9788178291345
9780230632837
9788120332089
9788175300170
9781402055317
9788129110923
9788173668937
9788120802230
9780195173321
9788184043006
9788184042818
9780070634633
9788184042900
9788184042795
9788184042276
9788184042344
9788184042726
9788131714737
9780321487926
9788131711934
9788120332287
9788129705334
9788131702000
9788178295930
9781596930643
9788129704986
9788177581492
9788129711557
9780130477248
9788178242002
9788178241913
9788120332331
9788131712689
9788131713099
9788131711941
9788131711910
9788177586893
9788131711927
9788120331730
9788131713488
9788131713556
9788130906782
9781846840739
9788131500095
9788120332478
9781403907349
9788120332119
9788131713068
9789812542021
9788131501771
9788131501351
9789812403643
9789812542861
9788131502624
9788131502679
9788131501832
9788131501375
9788131500354
9788131501078
9780486464213
9788120332904
9788120332300
9788178241364
9788131713754
9780563522041
9788131714416
9788120330030
9780415325073
9780240520209
9781405107136
9780195686852
9788170369516
9788178293950
9788178296616
9788178296678
9788178297415
9788178296937
9788178297064
9788178293813
9788178294964
9788178295251
9788178296166
9788178292625
9788178296784
9788178295480
9788170367734
9788178297460
9788178292366
9788120326880
9788178296609
9780618247875
9788181282804
9788181284877
9788131702185
9788181286697
9788188237999
9788171886135
9788188901296
9788188901166
9781846288586
9780387233253
9788177645545
9788181285119
9780262731270
9780824726799
9780387324753
9788190142960
9788190142977
9780936648392
9789812560076
9789812381668
9788181285768
9780471430742
9780471669593
9780470034644
9780333900253
9788172296735
9780195683226
9780195692433
9780195671940
9780195676556
9780195660463
9780195678758
9780195680003
9789576371189
9780071107501
9780071106306
9788131708712
9789812532015
9780262610018
9788120332294
9788120332409
9788131714690
9788181287212
9788177585667
9788131206508
9788181476166
9788190484008
9788131201244
9780195691580
9780120644810
9789812453860
9789812454928
9788178093727
9780071106566
9780071258586
9788177226430
9788177226898
9788177225327
9788177221916
9788177225808
9780821819296
9788131705605
9788173664038
9789812453785
9788131212455
9780307266743
9788131212462
9788120323278
9788120328389
9788120326989
9788120322899
9780674202818
9788188342754
9788188342624
9781899179794
9780140905328
9780140017724
9780074637715
9780070601710
9788189059101
9788171886494
9788131709184
9788131711484
9788181287601
9788181287588
9780586086248
9780387515663
9780195677936
9780071253154
9780787304942
9788172290672
9788131705124
9788126508228
9788126512881
9788131203569
9788178242118
9788131715666
9780596932586
9788173713743
9780006547211
9780060787790
9780465090990
9788123749365
9788131715857
9781424417278
9788120327962
9788178242057
9780195690927
9780195693294
9781420045008
9788171886449
9780070445567
9780333903568
9780333900048
9788131208410
9788120333765
9788181288122
9788181288134
9788173197901
9788131714294
9788181287465
9788131208489
9788173716010
9788181287311
9788181286789
9780073404547
9780132113359
9780133192865
9780130084569
9780894950292
9780006335702
9780813815114
9780195028317
9781576040461
9780801493638
9788186906378
9788186906385
9788186906392
9780814705711
9780385196536
9780070656703
9780070660496
9780070223622
9780070223684
9780070223615
9780195664164
9780486461540
9781403932020
9788184043815
9788184042627
9788184040616
9788120324299
9788120325579
9788120324305
9788120324930
9788181285324
9780130615404
9783642561962
9788120325500
9780080309712
9788126514700
9788126513468
9788126508105
9788126512065
9789290664710
9780195664188
9780195648331
9788123748320
9788123734880
9788123711164
9788123734897
9788123739274
9788123748757
9788123717852
9788123709697
9788123704937
9788123749631
9788123727547
9788123738420
9788178241784
9788174365989
9788188811380
9788184520040
9788188661718
9780333987766
9788178242095
9788180280320
9781568812014
9780387735115
9780444516909
9788184043556
9788178296500
9788178296920
9781584489090
9788178296272
9788123014883
9788131708460
9788177649543
9788177649338
9788177647075
9788177649369
9788177646313
9788177648669
9788177648676
9788176559553
9788177649949
9788176559539
9788176559546
9788130908397
9788177582451
9788131700051
9788131711361
9788181286772
9788181286925
9788122421101
9780817033422
9788120331433
9788126511471
9780070656512
9780070656529
9780070656468
9780070656499
9780387360331
9780333900055
9788120324725
9788120332553
9788120325463
9788120330368
9788120332508
9788120332492
9788120331679
9788120330689
9788120329201
9788120325760
9788120330696
9788120330047
9788120322721
9780691010427
9780435989545
9788126508051
9780387772486
9788131208342
9788131203583
9788131208373
9788178670362
9788131203439
9788131208427
9788131202210
9788131202913
9788131201855
9788131206478
9788181475343
9788131207253
9788131200933
9788131206515
9788178884820
9708522608506
9788122404326
9788124417379
9788190100915
9788190100922
9788190100939
9788190100953
9788190100984
9788190100946
9780131872899
9782940222100
9780387381510
9788184000443
9788187496441
9780787997762
9788126511143
9788189884069
9788120334175
9788120334564
9788120334632
9780006546163
9781405127356
9780471486565
9788177646320
9788177647280
9788177647297
9788177647358
9788177647266
9780471648659
9788131715512
9788131502617
9780047018125
9788126508006
9788126504794
9788126513222
9788180280122
9780819170973
9781905209040
9788131716724
9780619277082
9780852969007
9780670081370
9780072262810
9780670049370
9788131201206
9780486627243
0486659402
9780486627236
9780070601758
9788181287069
9788181286505
9788181284884
9788120334601
9788131717004
9788177645583
9788184240894
9788177643596
9788123749402
9788123747286
9788184044218
9788184043921
9788126514885
9788123727905
9788120329133
9788178085029
9780070648241
9788126508174
9780780310254
9788131711309
9780471781417
9788126517541
9780230630055
9788126510795
9788177647112
9788125916581
9788177223729
9788131704028
9780761935896
9788181286840
9780072460537
9780080648241
9788181285348
9788131714317
9788122418149
9788121509220
9780195659849
9780880295345
9780253322432
9780387369501
9788131705629
9780714840567
9780714846057
9788131217849
9788190207973
9788186052006
9780070618404
9788120321427
9788126506682
9780070647732
9788126516278
9788185198347
9789814126595
9788176492904
9788176491709
9788173195365
9788187075653
9780199255795
9789971511647
9780195649208
9788176492713
9788176494199
9789185618002
9780786109586
9788176490023
9788175150331
9788120318991
9788187075653
9788173195365
9780199255795
9789971511647
9788176492713
9780195649208
9789185618002
9788176494199
9780786109586
9788176490023
9788175150331
9788176490016
9788120318991
9788192755403
9788192755427
9788192481814
9780670081967
9788131721957
9780195695823
9788120334724
9788131721964
9780199544981
9788120334823
9788131716755
9788131721445
9780521730778
9788181288677
9788181288899
9788173715235
9788181288653
9780195695885
9788185931814
9788181289353
9798170945689
9788181288462
9781905881024
9788178242255
9788173716256
9788125034811
9780195696325
9788178241883
9788171886708
9780465003006
9788189487256
9788131601808
9788189866389
9780470010310
9788131601532
9788171886920
9788130909943
9783540781059
9780517228470
9788130904757
9788176498319
9788176498302
9780394573076
9780312890230
9780883165645
9788181284440
9783540688020
9780792383444
9780615174211
9780979387302
9780521889315
9788126518616
9788126508372
9780312890131
9780553373066
9780139145568
9780201101508
9780750684651
9788181288622
9788131715826
9788131711064
9788177589702
9788131720011
9788181289407
9783642592812
9788184890785
9788184890679
9788184890792
9788126515776
9788126515783
9788181282675
9788184890662
9788181281036
9780195699302
9788126516568
9788131506868
9788131506851
9788131713051
9788129113221
9788173197819
9788189004125
9780521708944
9780521675932
9780521612968
9780521708951
9780521704144
9788131602294
9788170339908
9780321512093
9788120336292
9788126515691
9788131712870
9781598295313
9781598295283
9780099332312
9781598294361
9781598294378
9781598294835
9781598294040
9781598294224
9781598294101
9781598294064
9781598294477
9781598293883
9781598293531
9781598293654
9781598293579
9788126515714
9788126516582
9788184890518
9788181284105
9781598293722
9788131421321
9780521884730
9780387766812
9798172247828
9780070606548
9788172247788
9788121511759
9780070667570
9788131709283
9780670917761
9781598631067
9788181287427
9788181286536
9780470724057
9788184042658
9798179912897
9788181284723
9788185857022
9788185857138
9788185857046
9788185857183
9788185857244
9788185857237
9788185857114
9788185857251
9783540239574
9788181288967
9789761932775
9788126518050
9780470286371
9780195698459
9781558606562
9780070619616
9788126518388
9788126506392
9788126517930
9788126516674
9788126515974
9788126518203
9788126517596
9780393067040
9788126507962
9781598293821
9781598294262
9781598295436
9781598294200
9788173199677
9781598293845
9781598294446
9781598293609
9781598294217
9781598293906
9781598293753
9788131507643
9781598294323
9781598294316
9781598294330
9781598293944
9781598293715
9781598293524
9788131505960
9781598293647
9781598293777
9781598295771
9781420045237
9781420045474
9788131508725
9788189975555
9788129113894
9788189906429
9788190571661
9788174801777
9788190573535
9780670082032
9788181283771
9780195681635
9780195681826
9780195692198
9780195681772
9788184890952
9780195687316
9780195681758
9780195687224
9780195681789
9780195687354
9780195687293
9780195687187
9788125033592
9780195678642
9780195681628
9780195687323
9780195681796
9780195687248
9780195687262
9788189988630
9780195692211
9780195687194
9788181286949
9788131719459
9788177589771
9788173713903
9780070588073
9788126512898
9798181285941
9788126506859
9788181287045
9788173712845
9783528063504
9788173714535
9788173715723
9788184891591
9788184890181
9780195668896
9788181282699
9780000012326
9780780398252
9781776535552
9788186385364
9788130909578
9788170463238
9788170800750
9788174366870
9788170800781
9788170800767
9788170800774
9780521543071
9781596052864
9780195647594
9780195693119
9781420046594
9788181285027
9788131726877
9788131726082
9788131726051
9788131726792
9788131726075
9788131726495
9788131726068
9788131723593
9788131726501
9788131723241
9788131725962
9788184046939
9788181287496
9788184890877
9781588298591
9780195669207
9788129113641
9788131508800
9788131509074
9780070634367
9788181286154
9780521475651
9780195699487
9788131726341
9788131716069
9788131712894
9780199290903
9780195687057
9788184046946
9788126514649
9780764549274
9780130622198
9780879422929
9788181287977
9788120330658
9780070598942
9780070597907
9788189487317
9788120332140
9788120324497
9788189059095
9788120328402
9788120330450
9788177227321
9788177224191
9788177228809
9780195676990
9780670082834
9780883189603
9780883186121
9780883189597
9780883189580
9781563963933
9780883184264
9780883186305
9788131719343
9788131726402
9788131726464
9788131720035
9788131726389
9788131718087
9788181287250
9788131501320
9788177227369
9788177227215
9788181284686
9788177227802
9788131722343
9788177587456
9788184244038
9788177584363
9788177583595
9788131719916
9780738489834
9780230630031
9788184041569
9788184043082
9788184043433
9788185445946
9788170303688
9788188342051
9788188342105
9780195699654
9780898716320
9788181286932
9788181288011
9788122404272
9788131715598
9788183187039
9788173716065
9788131209936
9788178240916
9788178240619
9788178240763
9780691134871
9789812790200
9780198060178
9788131509296
9788131729526
9788185931616
9780070621633
9788122418774
9780670863044
9788123717692
9788123750538
9788123749440
9781558608382
9781558603752
9780131502635
9788120336933
9788131723098
9789971513085
9780745639871
9780262200608
9788126517749
9788126505319
9788126517039
9788126514090
9788126514441
9788126505685
9788126513246
9788126020331
9780000012319
9780691134444
9788178290713
9780472084357
9780748753154
9780839107538
9780882754246
9788190452656
9788190721608
9788120334960
9788120334953
9788120308718
9788131200896
9780070611054
9788131714768
9788120320949
9788131718810
9788172290719
9788177228755
9788177227765
9780070262157
9788189487485
9780821848517
9788173660306
9788130909066
9788130909080
9788130909059
9780865760172
9780262120258
9780866912457
9780520042186
9780876292112
9780792390911
9780195698138
9780195692563
9789380108261
9789380108186
9780127689508
9780883850176
9781930824157
9780071350204
9780262011945
9780262012652
9788176460644
9788181286567
9788184891645
9788178001852
9788184891713
9789746521048
9788180520532
9788180520525
9780262520201
9780007251667
9788172235406
9788170362494
9788120338326
9788131726884
9788126511587
9788126508150
9788126514571
9788126512607
9788126519842
9788126519972
9780070142602
9780071232418
9780070667631
9780750648707
9788186017067
9788171887804
9788181284853
9788122411645
9788123745985
9788123707013
9788123753324
9788123728056
9788123742519
9788123736648
9788123722429
9788123750798
9788123728063
9788123701257
9788123752013
9788123727516
9788123727585
9788123727547
9788123706474
9788123705538
9788123749006
9788131702390
9780136078586
9788190399531
9788190399524
9780070620193
9788120338036
9788126518777
9788178242262
9780070248496
9780070248779
9780070139701
9780070583115
9780070248687
9780070230286
9788120302709
9788185636191
9788178531458
9788184047110
9788184048247
9788178531472
9788178531519
9788178531496
9788184047950
9788185569512
9783540080725
9788173198342
9788173195952
9788173195075
9788175362710
9780071412069
9788184047356
9780821848500
9789380108247
9780071272452
9780070166790
9788183860857
9788174367273
9780195698916
9788174365743
9788175364455
9788185557946
9780821848616
9788184048490
9788120339392
9788131726723
9780521814626
9788181281555
9788181281562
9780387215075
9781201853930
9789382291152
9780470682616
9788125033882
9780201075861
9783939897088
9783939897132
9788184043617
9788125032458
9788131209653
9780674510272
9788131718872
9788131720967
9788170570882
9780195648256
9788184048155
9789380108087
9789380108209
9781874367280
9788176297660
9788177585827
9788131715482
9788131726259
9788131730249
9780521440813
9781568813226
9788126508136
9788189487522
9780000012319
9788126524075
9788126523795
9788126521531
9788181476158
9788131221570
9788181476203
9788181521781
9789380108513
9780070669130
9788182091283
9788120328846
9780071493758
9789380108506
9788173662898
9789380381015
9788184893717
9788184893687
9782577800008
9780198062059
9789812458025
9788185026954
9788120339354
9788189927110
9780000012326
9780000012319
9788126517718
9788120336681
9788120327436
9780070147249
9788190935685
9788170071815
9780070140622
9780387324739
9780691142890
9780470749821
9780136156734
9780765614919
9789812836762
9780679768678
9780060958404
9781422122969
9780816624058
9781430224150
9780878930272
9781847196569
9780521865715
9780321591937
9780198565932
9780198063117
9780198065487
9780198238751
9780273727347
9780521735063
9780198065463
9780199569786
9780198065258
9780198238768
9781417908394
9780198065104
9780195385823
9780195476743
9780521741033
9780199573943
9780198504177
9780137158003
9780073377834
9780198060864
9783642010439
9783790821475
9783642051920
9780387927664
9783642035135
9781848002227
9781848829848
9789048130641
9780750682107
9780470714584
9781441913241
9783642040856
9789048132799
9783642029943
9783034602914
9780817647766
9783642054365
9781848009004
9780387849225
9783642047923
9781420089646
9783764389994
9780387945798
9780817643621
9780521497701
9781402009426
9783764370008
9780316180665
9780156508506
9780446673860
9780321647429
9780321578891
9780137143924
9780137000616
9780136009221
9780321638366
9780672329913
9780521731829
9780672330841
9783211094419
9781402056499
9781420064520
9781439801673
9781439803677
9783527408603
9781430218210
9781584889298
8125013474
9782940411177
9780195312881
9782940373451
9780136072249
9780838910214
9780201522600
9788125931515
9788125928676
9788125922513
9780195140187
9780691142753
9780195042771
9780444892812
9781584885566
9788173198984
9788173197413
9788181280237
9788190391115
9789814271127
9788120334359
9782884790727
9788120324510
9781405186193
9780470121696
9780470500941
9780470496664
9783527322701
9780470542767
9780470524039
9780470189634
9780470452615
9780470487761
9780470450260
9780470129906
9780470779651
9780470331880
9780470277997
9780471359432
9783527407262
9780470743041
9780470772713
9780471496571
9783527312986
9780470405024
9780470343586
9780470231463
9780198538592
9780226672854
9780226173344
9780226672984
9789814277037
9789812566133
9789810226978
9789810240226
9789812382511
9789814273749
9789810241094
9789812818874
9780137055098
9781934015254
9781400822539
9783034603270
9783540850229
9783642022944
9781441914293
9783540763055
9783642048296
9783790823912
9781848820517
9783034603317
9783642039416
9783642025341
9783642048173
9783540148876
9783642051357
9783642042942
9781441909497
9780387095189
9783642025310
9783642032134
9789048136186
9780123745415
9780151014064
9780444504234
9780444880581
9780444880598
9780470387719
0471494461
9780471330523
9780470025819
9780470192757
9780471727828
9780471588900
9780471149668
9780471283669
9781560005537
9780878559831
9780765809605
9780765802392
9781560006961
9788120337404
9781412806251
9780470097724
9780470474242
9781580530064
9780596521127
9788184870800
0821828525
9780557330331
9781349490691
9780201626742
9780812691597
9780813341125
9780465031092
9781848829282
9780691135045
9780670084401
8126713003
9780070077522
9788131709771
9780070667174
9788126519712
9788173191459
9780701178895
9780470128701
9788190131803
9780486469218
9781845283926
9789814271882
9780123748577
9789812705853
9781843542889
9789814273954
9780521796910
9788126515721
9788126521524
9780521700269
9780470031360
9780521098731
9780470294666
9781599042800
9781412911429
9788126513949
8170249945
9788120334496
9788126516865
9780670899982
9783540311508
9780324593778
9781430210313
9781859844502
9781110077830
0863779492
9781143016301
9780765307316
9780470376553
9783527323654
9781405135436
9788126523108
9780471209218
9780761954323
9780198066286
9780521107457
9780470178843
9780321606396
9780521358842
9780130466167
9780321480965
9780136060611
9780465002214
9780465023295
9780136566953
9780465013029
9780465009381
9781588299895
9780073133614
9780073523378
9780072256680
9780231140980
9780230201910
9781403960412
9780956268808
9783639135046
9780817647667
9783642017315
9780393072211
9781848824904
9781402074868
9783540208068
9780387947754
9783540302650
9783540627722
0856264547
9781883642655
9780471899648
9780262160391
9780684813783
0553763393
9780226493145
9780226508818
9780415456807
9780141191102
9788174760463
9780060630409
9781853264849
081913869X
1853264636
9780821373866
9783642041006
9788132104032
9789048137466
9781848132016
9780099535331
9780761936268
9780070706521
9781586038564
9781607505389
9788126518685
9783540897835
9788126518753
9781402091865
9781848823136
9780387718279
9780387729244
9780763772239
9780198065463
9781848829848
9780817647766
9788125013471
9788125931515
9788125928676
9788125922513
9788173197413
9788181280237
9788190391115
9783527322701
9788120337404
9788184870800
9780557330331
9788131709771
9788190131803
9788126515721
9788126521524
9788170249948
9788120334496
9788126516865
9788126513949
9780324593778
9788126523108
9788126518685
9788126518753
9781407220338
9788181287007
9788181286512
9788181283153
9788131724613
9788131705926
9781930699458
9781883642501
9788126518012
9780979811630
9780230330337
9788190829922
9788170225843
9788126520374
9788177585568
9788177584868
9788126519873
9788126525218
9780070077935
9788131700884
9788126517909
9788126525133
9788125040385
9788126516896
9788126508891
9789081491624
9789081491617
9780198068853
9788131711880
9788131722831
9788131722046
9788131729786
9788131707494
9788131729878
9788131723869
9788173198175
9788173198953
9780262013710
9789814327992
9781871802061
9788125032465
9780309048866
9780757529412
9780126409703
9780335090020
9780394350769
9780850861389
9780125973014
9780268010096
9780262520768
9788126512317
9788184245936
9788184245936
9788126527984
9788184896961
9780070667037
9788190860604
9781905652570
9781905652457
9788190409643
9780000012319
9780230327245
9783642034459
9780230574182
9780230579071
9780312869464
9788126521104
9788126524044
9781849960168
9780198065340
9788187471493
9780199269143
9780000012319
9780230331914
9788192022109
9781598293555
9788120340541
9788177585957
9788172238650
9780947753115
9788180280016
9780198067931
9780198066439
9788125039204
9788178242767
9788177588873
9788131758069
9780456010219
9788172242298
9789380571485
9789380740041
9788130912707
9788126529537
9788123016740
9788185984421
9781184202735
9785555555557
9780470826517
9787509717196
9788189218331
9788126525461
9788184043525
9788184043068
9780198061755
9781843345459
9788184896701
9788181283443
9780470857441
9789350230183
9788184045062
9780130155924
9780273643524
9781422131121
9780070671096
9780070591028
9788181476463
9780198062271
9783642004155
9783642019814
9781933804327
9788175201125
9788120827899
9780071325226
9780070677227
9788131227039
9788178242842
9788125037057
9780954246495
9788189643041
9788125042228
9788184895636
9788191039702
9789380853239
9780141036243
9789812836335
9788192024943
9780074636183
9780982020005
9788192158600
9788192043203
9788190676021
9781441955685
9780470699881
9780415445788
9788131805640
9781439837146
9780521516884
9781118176832
9781466624887
9788125047551
9780753516942
9780471687238
9788126519897
9780470242094
9781470172961
9780226978598
9780226738949
9783833484230
9783833484223
9780691156484
9780195645897
9780137142521
9780883855676
9789356061316
9780521732307
9788178242941
9780485006346
9789382277200
9780071549202
9780883853559
9781848167629
9781848164918
9780486462769
9780670085385
9780670086191
9781439837009
9780385530828
9781593271893
9780252080388
9788185931746
9780521715157
9780008247652
9781471166945
9781138895959
9781470438449
9781591405078
9781498770361
9789385462856
9780500292457
9780691167671
9789814632928
9789813140646
9780691150390
9789813222984
9788125063971
9789386392688
9788125062400
9788125064435
9780226731391
9780367221300
9781119206774
9781785040207
9783110562354
9781844677061
9780062955951
9780143428237
9781633696587
9789392099236
9781032296432
9781108424059
9781108843607
9781009048941
9781107156418
9781108498029
9781441994752
9780817647445
9789393330314
9781498725347
9780815372547
9781498764162
9780262542739
9780141192796
9798894759555
9781422187395
9780140439212
